Sample_id	g__Streptococcus	g__Staphylococcus	g__Corynebacterium	g__Aerococcus	g__Phocaeicola	g__Enterococcus_E	g__Microaceticoccus	g__Gleimia	g__Anaerococcus	g__Jeotgalicoccus	Others
HB001	0.199943036	0.149846514	0.066616032	0.168011646	0.0023102	0.031045286	0.046836925	0.028355328	0.010443368	0.032311149	0.264280515
HB002	0.167686624	0.107842861	0.209171155	0.044079077	0.015933895	0.02543783	0.06779661	0.062353704	0.089934854	0.002058716	0.207704673
HB004	0.784031906	0.0119397	0.056011237	0.005994933	0.004565179	0.017608548	0.012993202	0.00612035	0.003110342	0.001931422	0.09569318
HB005	0.273552111	0.10188242	0.073460286	0.118804521	0.010756685	0.023502919	0.045081878	0.052580948	0.02523011	0.017774766	0.257373358
HB006	0.083033884	0.203882793	0.086579043	0.201591704	0.008513204	0.013939467	0.041553117	0.010611359	0.08018811	0.019076329	0.25103099
HB007	0.757566013	0.025833423	0.007324829	0.024975882	0.000142924	0.056526244	0.015292815	0.009504413	0.002822739	0.003394433	0.096616286
HB010	0.751365498	0.026911698	0.010326582	0.055331133	0.003043924	0.027110833	0.003868912	0.006144743	0.003982704	0.009160218	0.102753755
HB011	0.204392994	0.094735433	0.107666828	0.084932332	0.057848336	0.015942587	0.069960018	0.061913445	0.025996621	0.00997039	0.266641016
HB013	0.848407038	0.02253923	0.01363132	0.011031859	0.002662863	0.010873356	0.007956887	0.00722777	0.004628309	0.001838643	0.069202726
HB014	0.127703241	0.242510568	0.048643019	0.187526803	0.018960975	0.009526435	0.024597194	0.011456227	0.020155609	0.011976965	0.296942964
HB016	0.103985571	0.188331371	0.099877251	0.157093114	0.004884892	0.010546356	0.032966758	0.027580851	0.007490168	0.025927503	0.341316165
HB018	0.737081081	0.030582583	0.020516517	0.031207207	0.007927928	0.01354955	0.002546547	0.004084084	0.002978979	0.006486486	0.143039039
HB020	0.194201347	0.002927659	0.000755525	0.001448089	0.260970849	0.004249827	0.000849965	0.001164767	0.000692564	0.000503683	0.532235724
HB021	0.449611976	0.020309318	0.046122516	0.004265507	0.022951181	0.148302053	0.03767406	0.027244207	0.02391436	0.000330233	0.219274589
HB022	0.318966474	0.099356128	0.023146092	0.080650533	0.099439387	0.013432504	0.016013544	0.002775311	0.005828153	0.00946381	0.330928064
HB026	0.260527098	0.110299217	0.071906272	0.028831864	0.07200535	0.022540375	0.031928069	0.052561181	0.0124839	0.003542059	0.333374616
HB027	0.451079958	0.080444131	0.067713015	0.066911247	0.01044729	0.007944799	0.025000607	0.02174494	0.020845988	0.005345125	0.242522899
HB028	0.422676846	0	0	0	0.097694759	0.004249747	0	0	0	0	0.475378647
HB029	0.200598924	0.23177937	0.095240986	0.081805674	0.010197888	0.010501396	0.026263607	0.018979402	0.045809558	0.009388531	0.269434665
HB030	0.071418841	0.019889653	0.064930863	0.002877869	0.212723929	0.007731081	0.022103399	0.017846196	0.007731081	0.000391663	0.572355425
HB031	0.373491887	0.041050415	0.026681531	0.097881828	0.074767744	0.011123498	0.023510467	0.005227301	0.006243032	0.007085346	0.33293695
HB032	0.43508507	0.084719713	0.038557985	0.13905142	0.016987084	0.010488851	0.009976542	0.003370453	0.020357538	0.006713943	0.234691401
HB033	0.237917882	0.158783935	0.063921921	0.171124074	0.007650886	0.016356293	0.030715728	0.021696208	0.012317702	0.035562037	0.243953332
HB034	0.295986585	0.006663284	0.003883238	0.005626282	0.281976039	0.005030558	0.001390023	0.000992873	0.000617788	0.00028683	0.3975465
HB035	0.120633824	0.043154441	0.026294201	0.017702172	0.303117309	0.010167955	0.003605198	0.003756314	0.031129917	0.001100989	0.43933768
HB036	0.159964293	0.152017244	0.078164123	0.067190664	0.016721461	0.024211283	0.023449237	0.011648414	0.009667095	0.006749548	0.450216639
HB037	0.129814675	0.02323825	0.040870272	0.003630977	0.234067275	0.009905304	0.014523906	0.034276419	0.001074769	0	0.508598153
HB038	0.185363516	0.096184565	0.060905481	0.033590434	0.172584547	0.00556798	0.04212496	0.037378486	0.03217562	0.005248505	0.328875907
HB039	0.123857354	0.159629067	0.084693495	0.228705478	0.0123571	0.013722769	0.013106016	0.019493821	0.02315029	0.020925571	0.300359039
HB040	0.595676321	0.028480286	0.013677881	0.038050213	0.001767109	0.017854684	0.00945518	0.005875063	0.003373571	0.006265204	0.279524487
HB041	0.710989441	0.047259329	0.027067081	0.058168495	0.000535167	0.012411749	0.005331083	0.004693	0.007656999	0.005042916	0.12084474
HB042	0.183563558	0.184712802	0.074498051	0.242963697	0.000585889	0.005227933	0.013971201	0.012776889	0.009261554	0.040967168	0.231471258
HB043	0.299875552	0.065007354	0.140739903	0.030772712	0.021835049	0.012897387	0.088358412	0.029709243	0.026518837	0.003597692	0.280687861
HB044	0.433126258	0.012662612	0.016905128	0.017099937	0.127275482	0.01281413	0.006428711	0.001471893	0.004220871	0.001515184	0.366479794
HB045	0.235534775	0.164123211	0.052254475	0.099768383	0.075805788	0.012836331	0.020261056	0.014048531	0.013983592	0.007424725	0.303959132
HB046	0.164641109	0.165395595	0.136439641	0.053079119	0.020146819	0.024694127	0.035399674	0.051549755	0.011643556	0.010236542	0.326774062
HB048	0.686769996	0.002664653	0.002176134	0.000621752	0.002686859	0.023426744	0.001154683	0	0.000199849	0.000133233	0.280166097
HB049	0.141603761	0.004568931	0.045689313	0.004568931	0.381936167	0.001622302	0.00900543	0.005661502	0.003906767	0.000463515	0.400973381
HB050	0.220624515	0.213117643	0.045781349	0.20550504	0.008493691	0.005180799	0.023507436	0.019278212	0.016493973	0.023436949	0.21858039
HB052	0.023632471	0.255168723	0.091149794	0.251056279	0.008281224	0.021773421	0.018844009	0.022759281	0.007689708	0.034167089	0.265478001
HB053	0.103021812	0.150897365	0.137926037	0.098311553	0.003309259	0.025628638	0.064373536	0.042802966	0.084784657	0.011691104	0.277253074
HB054	0.021861491	0.067340598	0.02517111	0.034289445	0.1457808	0.004097622	0.019542507	0.024360591	0.017898955	0.002836816	0.636820065
HB055	0.013482649	0.176453253	0.046747219	0.264422014	0.048036543	0.02438665	0.036874678	0.056803949	0.051720327	0.021034407	0.260038311
HB057	0.05959516	0.131883976	0.082353274	0.075624788	0.008820536	0.004721248	0.111415809	0.136350786	0.083031777	0.013372159	0.292830487
HB058	0.028723115	0.241219711	0.061829567	0.128886469	0.048625102	0.071957528	0.033269807	0.033923224	0.02406752	0.010427444	0.317070515
HB059	0.01436491	0.114919279	0.109057197	0.127280219	0.030640147	0.109132112	0.064820017	0.08028992	0.082780837	0.01550736	0.251208001
HB060	0.105832916	0.134997495	0.093449101	0.257472032	0.010018367	0.015194523	0.015778928	0.004202148	0.025324205	0.031418712	0.306311571
HB061	0.028027347	0.164906754	0.141854888	0.218312632	0.003328919	0.009378244	0.026452375	0.035007338	0.017897412	0.041844149	0.312989942
HB062	0.030712531	0.174385749	0.082985258	0.20291769	0.02512285	0.011425061	0.014404177	0.012684275	0.027856265	0.036855037	0.380651106
HB064	0.681951944	0.012342504	0.01771378	0.007056941	0.000571412	0.074340733	0.024599297	0.03219908	0.005771264	0.001199966	0.142253078
HB066	0.041215634	0.129993294	0.083221573	0.108702941	0.007639621	0.020907175	0.049717406	0.04466424	0.030917712	0.037168311	0.445852093
HB068	0.013580479	0.059183289	0.070599674	0.066396939	0.090797892	0.088320161	0.039455526	0.083929244	0.05868147	0.007119558	0.421935767
HB070	0.044662884	0.1235981	0.157441615	0.270220346	0.002276026	0.012633593	0.008510358	0.005904473	0.001484365	0.03123763	0.342030611
HB073	0.031523496	0.19778137	0.141646692	0.088550086	0.051925971	0.017029935	0.081526284	0.020318858	0.055465745	0.011539105	0.302692458
HB074	0.040779931	0.225508263	0.091873737	0.173284984	0.003031744	0.009362739	0.026988467	0.025591487	0.108578053	0.018992985	0.276007609
HB075	0.043632557	0.083460989	0.101358252	0.146701389	0.024765114	0.063316993	0.056934232	0.033956291	0.019454657	0.011335784	0.415083742
HB076	0.033013436	0.160049356	0.144666849	0.208993693	0.006333973	0.005950096	0.051631478	0.008938854	0.102467782	0.052508911	0.225445572
HB077	0.038625592	0.215189573	0.122914692	0.251327014	0.013199052	0.006895735	0.037180095	0.021137441	0.043341232	0.051374408	0.198815166
HB078	0.594452209	0.026685303	0.075970326	0.0364907	0.002838404	0.023244812	0.029416192	0.033222234	0.012063219	0.015589722	0.150026879
HB079	0.032313421	0.141881172	0.198866764	0.296389833	0.000874211	0.003270196	0.034158977	0.011138093	0.0099401	0.094576655	0.176590578
HB080	0.074973699	0.138034532	0.188780246	0.118045671	0.017853828	0.080141098	0.041493904	0.006157559	0.025991707	0.05216907	0.256358686
HB081	0.040482485	0.134052497	0.144698329	0.082404872	0.002454915	0.023109244	0.084057218	0.058138986	0.101052781	0.044259277	0.285289397
HB082	0.15493334	0.135214551	0.177809077	0.082323514	0.004953981	0.015954734	0.090385876	0.008159499	0.060152019	0.027101192	0.243012215
HB085	0.165081971	0.181567367	0.153270858	0.125726794	0.001185672	0.017990287	0.060332444	0.008140092	0.02102287	0.039469184	0.226212463
HB086	0.440770214	0.07201171	0.059889498	0.060796602	0.001917289	0.022492063	0.020616006	0.00696821	0.004638601	0.027378056	0.28252175
HB087	0.425700467	0.013258839	0.048323883	0.022264843	0.000667111	0.016677785	0.011799533	0.00971481	0.008985157	0.007692628	0.434914943
HB088	0.116433421	0.109379148	0.153449387	0.06390564	0.00483559	0.040732734	0.045928623	0.07302689	0.037452118	0.013805135	0.341051314
HB089	0.051970366	0.150087026	0.209175704	0.141830678	0.00020083	0.022359084	0.063373053	0.01187129	0.041683403	0.090328915	0.21711965
HB090	0.128034901	0.104767324	0.092901703	0.027271961	0.052056989	0.050244478	0.142239926	0.062046872	0.041266228	0.010706458	0.28846316
HB091	0.181240279	0.068122901	0.089921327	0.028470954	0.004643719	0.038727711	0.137598341	0.101417912	0.020716395	0.021888596	0.307251865
HB094	0.174557406	0.053655684	0.094204944	0.037081099	0	0.028773642	0.028088075	0.006371739	0.023510909	0.027604146	0.526152357
HB095	0.392131255	0.024188502	0.060620902	0.034935924	0.001686937	0.030800207	0.062634343	0.033303404	0.063777107	0.008189808	0.287731614
HB096	0.071705474	0.172571011	0.189857369	0.131025235	0.000780202	0.060855784	0.030988663	0.009801292	0.010995977	0.057686212	0.263732781
HB098	0.06471973	0.125218168	0.175163372	0.12349312	0.021979137	0.026301904	0.061919065	0.021289118	0.034054471	0.046028331	0.299833584
HB099	0.068269677	0.117152466	0.146474409	0.114775012	0.023542601	0.006281893	0.030539663	0.023291325	0.040242771	0.048863461	0.380566723
HB14D001	0.134121858	0	0.002552331	6.2252E-05	0.157824294	0.005493736	0.000513579	0.000591394	0	0.000747024	0.698093534
HB14D002	0.43119077	0.001454986	0.025533066	0.000347651	0.038911207	0.183765966	0.049572518	0.021193861	0.000733931	0.00025752	0.247038525
HB14D004	0.734421859	0	0.00094413	0	0.000360991	0.22445296	0	0	0	0	0.03982006
HB14D005	0.824011358	0	0.001833831	0	0.00014789	0.118577893	0.000266201	0	0	0	0.055162826
HB14D006	0.046686605	0.012753231	0.136542332	0.007298309	0.002652221	0.028139872	0.01770028	0.001448376	0.000282151	0.029268476	0.717228147
HB14D007	0.860814344	0	0.005354252	0.001021043	0.000298842	0.068360105	0.0035612	0.000273938	0	0.001294982	0.059021292
HB14D010	0.865293761	0	0.005475469	9.6911E-05	7.26832E-05	0.09511811	0.000775288	0.001477892	0	0	0.031689885
HB14D011	0.874148896	0	0.002045143	7.48223E-05	0	0.028382591	0	0	0	0.000199526	0.095149021
HB14D013	0.043674762	0.011131415	0.078561565	0.005914436	0.055196753	0.018956883	0.029530332	0.002050524	0	0.064263695	0.690719636
HB14D014	0.813625279	0	0.005084834	0.000389145	0.006148498	0.071991906	0.000882063	0.000337259	0	0.000285373	0.101255643
HB14D016	0.016311073	0.001326952	0.008528276	0.000238553	0.26458529	0.015177946	0.005650728	0.005486723	0.000134186	0.001207675	0.681352597
HB14D018	0.910103837	0	0.000183088	0	0	0.072136636	0	0	0	0	0.017576439
HB14D020	0.893990746	0.000294716	0.004921753	0	0	0.065191123	0.000176829	0.000206301	0	0	0.035218532
HB14D021	0.143238312	0	0.000292639	0	0.26068994	0.009743166	0	0	0	0	0.586035943
HB14D022	0.586239511	0	0.00118834	0	0	0.387204734	0.000388029	0.000121259	0	0	0.024858127
HB14D026	0.548947218	0.002739139	0.04415968	0.001810213	0.047351372	0.073909108	0.022341845	0.006597752	0	0.001452934	0.250690739
HB14D027	0.054529197	0.002778354	0.036406023	0.00372044	0.048972488	0.014019512	0.010586488	0.004199467	0.000463059	0.011656314	0.812668657
HB14D028	0.723380408	0	0.000547959	0	0.002540537	0.210789808	0	0.000298887	0	0	0.062442402
HB14D029	0.870580061	0	0.000643368	0	0.000308817	0.095578774	0	0	0	0	0.03288898
HB14D030	0.892206108	0.000754628	0.008135833	0.001674331	0	0.033793185	0.000424478	0.001320599	0	0.000966867	0.060723971
HB14D031	0.335692563	0	0.000221178	0	0.040788867	0.150419316	0	0	0	0	0.472878076
HB14D032	0.773179809	0	0.000731575	0	0	0.214669678	0	0	0	0	0.011418938
HB14D033	0.913545908	0	0.002924815	0	0	0.029878993	0.000401445	0	0	0.000258072	0.052990767
HB14D034	0.929060967	0.00025985	0.001169325	0	0	0.013999415	0.000292331	0	0	0	0.055218112
HB14D035	0.079337333	0.004926304	0.061876763	0.002979619	0.027889238	0.024969211	0.007230543	0.015831711	0	0.008501847	0.766457431
HB14D036	0.041346112	0.00859454	0.05730426	0.002703653	0.013056667	0.027278322	0.022222711	0.012243373	0.000285752	0.049764804	0.765199807
HB14D037	0.087823554	0	0.002889087	0	0.020012214	0.005895617	0.000657678	0.001550242	0	0	0.881171607
HB14D038	0.037571752	0.003965907	0.027413463	0.00156549	0.164619934	0.02543051	0.01269786	0.011862933	0.000487041	0.009114629	0.705270482
HB14D039	0.040060169	0.009605996	0.076979917	0.001636186	0.020478716	0.056026179	0.023751089	0.043042251	0.000184731	0.014593724	0.713641042
HB14D040	0.962513812	0	0.000883978	0	0	0.014060773	0	0	0	0	0.022541436
HB14D041	0.830256856	0	0.00131649	0	0.011820397	0.118259993	0.000336125	0.000280104	0	0	0.037730036
HB14D042	0.151144918	0.002207071	0.23416624	0.005340322	0.002817956	0.027706617	0.013242423	0.043057581	0.000413826	0.021735703	0.498167343
HB14D043	0.080748854	0.015923567	0.099916662	0.003274004	0.028811239	0.075004465	0.016042622	0.022531103	0.000119055	0.030626823	0.627001607
HB14D044	0.873227151	0	0.000710755	0	0.035731593	0.035666979	0.000355378	0	0	0	0.054308145
HB14D045	0.118207699	0	0.000835499	0	0.553286298	0.006560218	0.0002785	0.000247555	0	0	0.320584231
HB14D046	0.307802337	0.000890616	0.013845033	0.001241465	0.037270936	0.0167058	0.001808221	0.000512779	0	0.003508488	0.616414325
HB14D048	0.03081568	0.008783093	0.137260773	0.008184245	0.010005739	0.027821444	0.057713901	0.009905931	0.000224568	0.058387604	0.650897023
HB14D049	0.103357394	0	0.000498623	0	0.148684585	0.003229177	0	0	0	0	0.744230221
HB14D050	0.018087041	0.001986316	0.042479848	0.000767202	0.086567666	0.03863333	0.005591113	0.024182615	0	0.004897479	0.77680739
HB14D052	0.968237461	0	0.001812455	0	0	0.021838602	0	0	0	0	0.008111481
HB14D053	0.923048992	0	0.000921736	0	0.003742808	0.036031507	8.37942E-05	0	0	0	0.036171164
HB14D054	0.960169845	0	0.000416797	0	0.000651245	0.02836824	7.81494E-05	0	0	0	0.010315724
HB14D055	0.056084599	0.011546036	0.1220157	0.004505112	0.019585098	0.018694866	0.011060455	0.015187893	0.000566511	0.030186949	0.710566781
HB14D057	0.174999397	0.008368907	0.04797048	0.004365338	0.000361768	0.12734245	0.015121916	0.039866869	0.00033765	0.021151388	0.560113836
HB14D058	0.144784797	0	0.000433877	0	0.20628688	0.003839813	0	0	0	0	0.644654634
HB14D059	0.78075298	0.000134557	0.000914987	0	0	0.206598671	0	8.07341E-05	0	0	0.011518071
HB14D060	0.059276322	0.005547557	0.053767156	0.002725789	0.039869469	0.022439773	0.009943373	0.005336405	0.00013437	0.01892696	0.782032825
HB14D061	0.931792879	0	0.000504149	6.30186E-05	0.000126037	0.045184329	0.000126037	0	0	0	0.02220355
HB14D062	0.237958637	0	0.000163921	0	0.075950059	0.008441931	8.19605E-05	0	0	0	0.677403492
HB14D064	0.065524489	0	0.00075765	0	0.266766057	0.011877994	0.000268843	0.001026493	0	0	0.653778473
HB14D066	0.945145378	0	0	0	0	0.049698833	0.000148725	7.43623E-05	0	0	0.004932702
HB14D068	0.036816629	0.003075171	0.064179954	0.000541002	0.083826879	0.106862187	0.013183371	0.025113895	0	0.003302961	0.66309795
HB14D070	0.647839882	0	6.51947E-05	0	0.00678025	0.161878477	0	0	0	0	0.183436196
HB14D073	0.006450366	0.000316367	0.004411558	0.000175759	0.001933352	0.013287402	0.000456974	0.000439398	0	0.000228487	0.972300337
HB14D074	0.062765686	0.003358272	0.036473389	0.001849175	0.015537324	0.009330896	0.007226662	0.006312702	0	0.007375446	0.849770447
HB14D075	0.858836311	0	0.000169	0	9.65717E-05	0.13317238	0.000120715	0	0	0	0.007605022
HB14D076	0.883922563	0	0.001268182	0	0.003726901	0.039080698	7.76438E-05	0	0	5.17625E-05	0.07187225
HB14D077	0.076923077	0	8.63334E-05	0	0.353880687	0.003395781	0	0	0	0	0.565714121
HB14D078	0.03348557	0	0.001669481	0	0.033005834	0.02389085	0.00034541	0.001746239	0	0.000134326	0.90572229
HB14D079	0.024463238	0.000830244	0.014770621	0.000135156	0.057074452	0.020176861	0.001660488	0.002761044	0	0.001197096	0.8769308
HB14D080	0.832908359	0	0.000552978	0	0.000337931	0.151976898	6.1442E-05	0.000522257	0	0	0.013640134
HB14D081	0.894025865	0	0.002591759	0	0.002434682	0.037043824	0.003455678	0.005288235	0	0.000340332	0.054819624
HB14D082	0.887448196	0	0.002690192	0	0.000581663	0.027895591	0.000412011	0.000193888	0	0	0.080778459
HB14D085	0.921127022	0	0.002039019	0	0	0.044001112	0.000926827	0.001135363	0	0.000115853	0.030654803
HB14D086	0.867985271	0	0.005493068	8.04845E-05	0.000482907	0.070403831	0.002293809	0.00088533	0	0	0.052375299
HB14D087	0.135424406	0.000318438	0.006828716	0.000212292	0.022255245	0.013869724	0.001415278	0.00109684	0	0.000707639	0.817871422
HB14D088	0.057910156	0.002304688	0.03546875	0.000703125	0.033515625	0.019453125	0.006757813	0.003554688	0	0.002695313	0.837636719
HB14D089	0.743427832	0.000767392	0.037602228	0.000701616	0.005678704	0.006489947	0.003683484	0.009077156	0	0.002082922	0.190488719
HB14D090	0.53586423	0.001911971	0.076380265	0.003902785	0.003370587	0.101531548	0.006524353	0.018311553	0	0.006110421	0.246092287
HB14D091	0.897902027	0	0	0	0	0.089469396	0	0	0	0	0.012628577
HB14D094	0.285850997	0.003135626	0.05226722	0.001730703	0.002076843	0.031213732	0.043939486	0.025268259	0.002972736	0.004479466	0.547064932
HB14D095	0.052933098	0.011536198	0.14459486	0.009476162	0.003609967	0.020600353	0.085187365	0.011340004	0.001334118	0.091897194	0.567490681
HB14D096	0.885736055	0	0.000461766	0	9.23532E-05	0.089236239	0.000207795	0.000484854	0	0	0.023780938
HB14D098	0.579636472	0	0.003225186	0	0.005104765	0.174565881	0.000768919	0.001751426	0	0	0.23494735
HB14D099	0.928835818	0	0.004512727	0	0	0.039194808	0.001394382	0.0005324	0.00010141	0.000152114	0.025276341
